Top 10 features ranked:
1) Standard deviation of word lengths
2) Average word length
3) Words occurring once
4) Frequency of word "custom"
5) Frequency of word "you"
6) Lexical richness (distinct words used)
7) Frequency of word "languag"
8) Frequency of word "learn"
9) Frequency of word "experi"
10) Frequency of word "charact"

Accuracy data for 1-100 features selected
SVM:[0.43478260869565216, 0.5217391304347826, 0.5579710144927537, 0.5797101449275363, 0.5652173913043478, 0.5797101449275363, 0.5797101449275363, 0.572463768115942, 0.5579710144927537, 0.5507246376811594, 0.5434782608695652, 0.5362318840579711, 0.5579710144927537, 0.5434782608695652, 0.5507246376811594, 0.5507246376811594, 0.572463768115942, 0.572463768115942, 0.572463768115942, 0.572463768115942, 0.5797101449275363, 0.5652173913043478, 0.5652173913043478, 0.5507246376811594, 0.5507246376811594, 0.5507246376811594, 0.5579710144927537, 0.5507246376811594, 0.5507246376811594, 0.5434782608695652, 0.5579710144927537, 0.5652173913043478, 0.5652173913043478, 0.5652173913043478, 0.5579710144927537, 0.5579710144927537, 0.5579710144927537, 0.5579710144927537, 0.5579710144927537, 0.5579710144927537, 0.5507246376811594, 0.5579710144927537, 0.5579710144927537, 0.5579710144927537, 0.5579710144927537, 0.5579710144927537, 0.5507246376811594, 0.5507246376811594, 0.5362318840579711, 0.5434782608695652, 0.5434782608695652, 0.5434782608695652, 0.5434782608695652, 0.5434782608695652, 0.5434782608695652, 0.5434782608695652, 0.5362318840579711, 0.5289855072463768, 0.5217391304347826, 0.5217391304347826, 0.5217391304347826, 0.5217391304347826, 0.5217391304347826, 0.5144927536231884, 0.5144927536231884, 0.5072463768115942, 0.5, 0.5, 0.5, 0.4927536231884058, 0.4927536231884058, 0.4927536231884058, 0.4927536231884058, 0.4927536231884058, 0.4927536231884058, 0.4927536231884058, 0.4927536231884058, 0.4927536231884058, 0.4927536231884058, 0.4927536231884058, 0.4855072463768116, 0.4855072463768116, 0.4855072463768116, 0.4855072463768116, 0.4855072463768116, 0.4855072463768116, 0.4855072463768116, 0.4855072463768116, 0.4855072463768116, 0.4855072463768116, 0.4855072463768116, 0.4855072463768116, 0.4855072463768116, 0.4855072463768116, 0.4855072463768116, 0.4855072463768116, 0.4855072463768116, 0.4782608695652174, 0.47101449275362317, 0.47101449275362317]
KNN: [0.43478260869565216, 0.5217391304347826, 0.5579710144927537, 0.5797101449275363, 0.5652173913043478, 0.5797101449275363, 0.5797101449275363, 0.572463768115942, 0.5579710144927537, 0.5507246376811594, 0.5434782608695652, 0.5362318840579711, 0.5579710144927537, 0.5434782608695652, 0.5507246376811594, 0.5507246376811594, 0.572463768115942, 0.572463768115942, 0.572463768115942, 0.572463768115942, 0.5797101449275363, 0.5652173913043478, 0.5652173913043478, 0.5507246376811594, 0.5507246376811594, 0.5507246376811594, 0.5579710144927537, 0.5507246376811594, 0.5507246376811594, 0.5434782608695652, 0.5579710144927537, 0.5652173913043478, 0.5652173913043478, 0.5652173913043478, 0.5579710144927537, 0.5579710144927537, 0.5579710144927537, 0.5579710144927537, 0.5579710144927537, 0.5579710144927537, 0.5507246376811594, 0.5579710144927537, 0.5579710144927537, 0.5579710144927537, 0.5579710144927537, 0.5579710144927537, 0.5507246376811594, 0.5507246376811594, 0.5362318840579711, 0.5434782608695652, 0.5434782608695652, 0.5434782608695652, 0.5434782608695652, 0.5434782608695652, 0.5434782608695652, 0.5434782608695652, 0.5362318840579711, 0.5289855072463768, 0.5217391304347826, 0.5217391304347826, 0.5217391304347826, 0.5217391304347826, 0.5217391304347826, 0.5144927536231884, 0.5144927536231884, 0.5072463768115942, 0.5, 0.5, 0.5, 0.4927536231884058, 0.4927536231884058, 0.4927536231884058, 0.4927536231884058, 0.4927536231884058, 0.4927536231884058, 0.4927536231884058, 0.4927536231884058, 0.4927536231884058, 0.4927536231884058, 0.4927536231884058, 0.4855072463768116, 0.4855072463768116, 0.4855072463768116, 0.4855072463768116, 0.4855072463768116, 0.4855072463768116, 0.4855072463768116, 0.4855072463768116, 0.4855072463768116, 0.4855072463768116, 0.4855072463768116, 0.4855072463768116, 0.4855072463768116, 0.4855072463768116, 0.4855072463768116, 0.4855072463768116, 0.4855072463768116, 0.4782608695652174, 0.47101449275362317, 0.47101449275362317]
DTree: [0.427536231884058, 0.463768115942029, 0.5072463768115942, 0.4927536231884058, 0.5434782608695652, 0.5869565217391305, 0.6159420289855072, 0.6521739130434783, 0.6376811594202898, 0.6304347826086957, 0.6956521739130435, 0.7101449275362319, 0.7028985507246377, 0.7463768115942029, 0.7753623188405797, 0.7971014492753623, 0.8043478260869565, 0.8115942028985508, 0.7971014492753623, 0.8188405797101449, 0.8115942028985508, 0.8043478260869565, 0.8260869565217391, 0.7608695652173914, 0.7753623188405797, 0.7536231884057971, 0.782608695652174, 0.782608695652174, 0.7391304347826086, 0.7608695652173914, 0.7463768115942029, 0.7391304347826086, 0.7536231884057971, 0.7681159420289855, 0.7753623188405797, 0.7608695652173914, 0.782608695652174, 0.782608695652174, 0.7463768115942029, 0.7608695652173914, 0.7681159420289855, 0.7608695652173914, 0.7608695652173914, 0.7753623188405797, 0.7608695652173914, 0.7681159420289855, 0.7681159420289855, 0.7898550724637681, 0.782608695652174, 0.782608695652174, 0.7753623188405797, 0.7971014492753623, 0.7608695652173914, 0.8188405797101449, 0.8043478260869565, 0.782608695652174, 0.7753623188405797, 0.7971014492753623, 0.7753623188405797, 0.7753623188405797, 0.7463768115942029, 0.8188405797101449, 0.7898550724637681, 0.782608695652174, 0.782608695652174, 0.7971014492753623, 0.8260869565217391, 0.8043478260869565, 0.7753623188405797, 0.8115942028985508, 0.7971014492753623, 0.782608695652174, 0.8188405797101449, 0.8188405797101449, 0.7753623188405797, 0.8260869565217391, 0.8043478260869565, 0.8478260869565217, 0.855072463768116, 0.8405797101449275, 0.8115942028985508, 0.8188405797101449, 0.7898550724637681, 0.8043478260869565, 0.8043478260869565, 0.8115942028985508, 0.8188405797101449, 0.855072463768116, 0.855072463768116, 0.8478260869565217, 0.8478260869565217, 0.8695652173913043, 0.8478260869565217, 0.8478260869565217, 0.8840579710144928, 0.855072463768116, 0.8768115942028986, 0.8623188405797102, 0.8478260869565217, 0.8405797101449275],
RForest: [0.42028985507246375, 0.427536231884058, 0.572463768115942, 0.5797101449275363, 0.6521739130434783, 0.6521739130434783, 0.6811594202898551, 0.6521739130434783, 0.6521739130434783, 0.6521739130434783, 0.6521739130434783, 0.644927536231884, 0.6956521739130435, 0.7463768115942029, 0.782608695652174, 0.7681159420289855, 0.7463768115942029, 0.8478260869565217, 0.782608695652174, 0.8478260869565217, 0.7898550724637681, 0.8333333333333334, 0.7898550724637681, 0.8260869565217391, 0.782608695652174, 0.7898550724637681, 0.7971014492753623, 0.7898550724637681, 0.7898550724637681, 0.7971014492753623, 0.7681159420289855, 0.8043478260869565, 0.8115942028985508, 0.8043478260869565, 0.782608695652174, 0.8188405797101449, 0.8115942028985508, 0.8478260869565217, 0.782608695652174, 0.8260869565217391, 0.7971014492753623, 0.782608695652174, 0.8115942028985508, 0.782608695652174, 0.7898550724637681, 0.8188405797101449, 0.782608695652174, 0.8188405797101449, 0.8333333333333334, 0.8623188405797102, 0.7971014492753623, 0.7971014492753623, 0.7971014492753623, 0.8405797101449275, 0.7971014492753623, 0.8043478260869565, 0.7971014492753623, 0.8478260869565217, 0.8188405797101449, 0.8623188405797102, 0.8405797101449275, 0.8260869565217391, 0.8478260869565217, 0.8333333333333334, 0.855072463768116, 0.8115942028985508, 0.8405797101449275, 0.8695652173913043, 0.8695652173913043, 0.8623188405797102, 0.8333333333333334, 0.8478260869565217, 0.8405797101449275, 0.8623188405797102, 0.8768115942028986, 0.7971014492753623, 0.8115942028985508, 0.8478260869565217, 0.8115942028985508, 0.8333333333333334, 0.8405797101449275, 0.855072463768116, 0.8695652173913043, 0.8405797101449275, 0.8913043478260869, 0.8115942028985508, 0.8768115942028986, 0.8840579710144928, 0.8913043478260869, 0.8840579710144928, 0.855072463768116, 0.8405797101449275, 0.8478260869565217, 0.9202898550724637, 0.8405797101449275, 0.8768115942028986, 0.8478260869565217, 0.8913043478260869, 0.8478260869565217, 0.8260869565217391],
NBayes: [0.4420289855072464, 0.5362318840579711, 0.6014492753623188, 0.5869565217391305, 0.6014492753623188, 0.644927536231884, 0.6666666666666666, 0.7028985507246377, 0.6811594202898551, 0.6956521739130435, 0.7028985507246377, 0.7318840579710145, 0.7753623188405797, 0.782608695652174, 0.8115942028985508, 0.7898550724637681, 0.7898550724637681, 0.7898550724637681, 0.8115942028985508, 0.8043478260869565, 0.8115942028985508, 0.7898550724637681, 0.782608695652174, 0.782608695652174, 0.7753623188405797, 0.782608695652174, 0.7898550724637681, 0.782608695652174, 0.7971014492753623, 0.8115942028985508, 0.8043478260869565, 0.8043478260869565, 0.8115942028985508, 0.8043478260869565, 0.782608695652174, 0.7898550724637681, 0.7898550724637681, 0.7971014492753623, 0.8043478260869565, 0.7971014492753623, 0.7898550724637681, 0.7971014492753623, 0.7971014492753623, 0.782608695652174, 0.7971014492753623, 0.8043478260869565, 0.8115942028985508, 0.7898550724637681, 0.7753623188405797, 0.7681159420289855, 0.7608695652173914, 0.7608695652173914, 0.782608695652174, 0.7898550724637681, 0.7898550724637681, 0.7971014492753623, 0.7971014492753623, 0.8115942028985508, 0.8115942028985508, 0.8115942028985508, 0.8115942028985508, 0.8115942028985508, 0.8188405797101449, 0.8260869565217391, 0.8260869565217391, 0.8260869565217391, 0.8333333333333334, 0.8260869565217391, 0.8188405797101449, 0.8115942028985508, 0.8115942028985508, 0.8115942028985508, 0.8043478260869565, 0.8043478260869565, 0.8115942028985508, 0.8043478260869565, 0.8043478260869565, 0.8043478260869565, 0.7971014492753623, 0.8043478260869565, 0.8115942028985508, 0.8043478260869565, 0.7971014492753623, 0.8115942028985508, 0.8115942028985508, 0.8115942028985508, 0.8188405797101449, 0.8115942028985508, 0.8115942028985508, 0.8043478260869565, 0.8043478260869565, 0.8043478260869565, 0.7971014492753623, 0.8115942028985508, 0.8115942028985508, 0.8115942028985508, 0.8115942028985508, 0.8115942028985508, 0.8043478260869565, 0.8115942028985508]

Best results for each classifier:
SVM:
KNN:
DTree:
RForest:
NBayes: